t. SpinyDendrite[1001].v(0.5)
2001 2
 0 -65
 0.025 -64.967
 0.05 -64.9318
 0.075 -64.893
 0.1 -64.8492
 0.125 -64.8001
 0.15 -64.7455
 0.175 -64.6857
 0.2 -64.6214
 0.225 -64.5529
 0.25 -64.4809
 0.275 -64.4057
 0.3 -64.328
 0.325 -64.248
 0.35 -64.166
 0.375 -64.0825
 0.4 -63.9975
 0.425 -63.9114
 0.45 -63.8242
 0.475 -63.7362
 0.5 -63.6474
 0.525 -63.558
 0.55 -63.468
 0.575 -63.3775
 0.6 -63.2865
 0.625 -63.1952
 0.65 -63.1034
 0.675 -63.0113
 0.7 -62.9189
 0.725 -62.8262
 0.75 -62.7331
 0.775 -62.6396
 0.8 -62.5458
 0.825 -62.4516
 0.85 -62.3569
 0.875 -62.2618
 0.9 -62.1661
 0.925 -62.0698
 0.95 -61.9729
 0.975 -61.8752
 1 -61.7766
 1.025 -61.6771
 1.05 -61.5763
 1.075 -61.4743
 1.1 -61.3706
 1.125 -61.2651
 1.15 -61.1574
 1.175 -61.0471
 1.2 -60.9335
 1.225 -60.8159
 1.25 -60.6931
 1.275 -60.5636
 1.3 -60.4248
 1.325 -60.2724
 1.35 -60.0985
 1.375 -59.8872
 1.4 -59.6109
 1.425 -59.242
 1.45 -58.77
 1.475 -58.2054
 1.5 -57.5737
 1.525 -56.9046
 1.55 -56.2256
 1.575 -55.5578
 1.6 -54.9153
 1.625 -54.3057
 1.65 -53.7323
 1.675 -53.1953
 1.7 -52.6935
 1.725 -52.2246
 1.75 -51.7864
 1.775 -51.3768
 1.8 -50.9935
 1.825 -50.635
 1.85 -50.2995
 1.875 -49.9856
 1.9 -49.6923
 1.925 -49.4185
 1.95 -49.1632
 1.975 -48.9257
 2 -48.7053
 2.025 -48.5015
 2.05 -48.3136
 2.075 -48.1413
 2.1 -47.9843
 2.125 -47.8422
 2.15 -47.7149
 2.175 -47.6022
 2.2 -47.5039
 2.225 -47.4201
 2.25 -47.3506
 2.275 -47.2955
 2.3 -47.2547
 2.325 -47.228
 2.35 -47.215
 2.375 -47.2154
 2.4 -47.2285
 2.425 -47.2535
 2.45 -47.2894
 2.475 -47.335
 2.5 -47.3892
 2.525 -47.4511
 2.55 -47.5198
 2.575 -47.5946
 2.6 -47.6746
 2.625 -47.7593
 2.65 -47.8482
 2.675 -47.9406
 2.7 -48.0362
 2.725 -48.1345
 2.75 -48.2353
 2.775 -48.3382
 2.8 -48.443
 2.825 -48.5494
 2.85 -48.6573
 2.875 -48.7664
 2.9 -48.8767
 2.925 -48.9881
 2.95 -49.1003
 2.975 -49.2132
 3 -49.3269
 3.025 -49.441
 3.05 -49.5556
 3.075 -49.6706
 3.1 -49.7858
 3.125 -49.9012
 3.15 -50.0167
 3.175 -50.1322
 3.2 -50.2477
 3.225 -50.3629
 3.25 -50.478
 3.275 -50.5927
 3.3 -50.707
 3.325 -50.8209
 3.35 -50.9342
 3.375 -51.047
 3.4 -51.159
 3.425 -51.2703
 3.45 -51.3808
 3.475 -51.4904
 3.5 -51.5991
 3.525 -51.7068
 3.55 -51.8135
 3.575 -51.919
 3.6 -52.0234
 3.625 -52.1266
 3.65 -52.2285
 3.675 -52.3291
 3.7 -52.4284
 3.725 -52.5263
 3.75 -52.6228
 3.775 -52.7178
 3.8 -52.8113
 3.825 -52.9033
 3.85 -52.9938
 3.875 -53.0827
 3.9 -53.1701
 3.925 -53.2558
 3.95 -53.3399
 3.975 -53.4223
 4 -53.5031
 4.025 -53.5822
 4.05 -53.6596
 4.075 -53.7354
 4.1 -53.8095
 4.125 -53.8818
 4.15 -53.9525
 4.175 -54.0216
 4.2 -54.0889
 4.225 -54.1546
 4.25 -54.2186
 4.275 -54.2809
 4.3 -54.3415
 4.325 -54.4005
 4.35 -54.4579
 4.375 -54.5136
 4.4 -54.5677
 4.425 -54.6203
 4.45 -54.6712
 4.475 -54.7206
 4.5 -54.7684
 4.525 -54.8148
 4.55 -54.8596
 4.575 -54.9029
 4.6 -54.9448
 4.625 -54.9852
 4.65 -55.0242
 4.675 -55.0618
 4.7 -55.098
 4.725 -55.1329
 4.75 -55.1664
 4.775 -55.1986
 4.8 -55.2294
 4.825 -55.259
 4.85 -55.2874
 4.875 -55.3145
 4.9 -55.3403
 4.925 -55.365
 4.95 -55.3886
 4.975 -55.411
 5 -55.4322
 5.025 -55.4524
 5.05 -55.4715
 5.075 -55.4895
 5.1 -55.5065
 5.125 -55.5225
 5.15 -55.5375
 5.175 -55.5515
 5.2 -55.5646
 5.225 -55.5767
 5.25 -55.588
 5.275 -55.5983
 5.3 -55.6078
 5.325 -55.6164
 5.35 -55.6242
 5.375 -55.6311
 5.4 -55.6373
 5.425 -55.6426
 5.45 -55.6473
 5.475 -55.6511
 5.5 -55.6542
 5.525 -55.6566
 5.55 -55.6583
 5.575 -55.6594
 5.6 -55.6597
 5.625 -55.6594
 5.65 -55.6584
 5.675 -55.6568
 5.7 -55.6546
 5.725 -55.6518
 5.75 -55.6484
 5.775 -55.6444
 5.8 -55.6398
 5.825 -55.6346
 5.85 -55.629
 5.875 -55.6227
 5.9 -55.616
 5.925 -55.6087
 5.95 -55.6009
 5.975 -55.5926
 6 -55.5838
 6.025 -55.5745
 6.05 -55.5647
 6.075 -55.5545
 6.1 -55.5438
 6.125 -55.5326
 6.15 -55.521
 6.175 -55.5089
 6.2 -55.4964
 6.225 -55.4834
 6.25 -55.47
 6.275 -55.4561
 6.3 -55.4419
 6.325 -55.4271
 6.35 -55.412
 6.375 -55.3964
 6.4 -55.3804
 6.425 -55.364
 6.45 -55.3471
 6.475 -55.3298
 6.5 -55.312
 6.525 -55.2938
 6.55 -55.2752
 6.575 -55.2561
 6.6 -55.2366
 6.625 -55.2166
 6.65 -55.1961
 6.675 -55.1751
 6.7 -55.1537
 6.725 -55.1317
 6.75 -55.1092
 6.775 -55.0862
 6.8 -55.0626
 6.825 -55.0384
 6.85 -55.0136
 6.875 -54.9882
 6.9 -54.9621
 6.925 -54.9353
 6.95 -54.9077
 6.975 -54.8794
 7 -54.8502
 7.025 -54.8201
 7.05 -54.789
 7.075 -54.7568
 7.1 -54.7235
 7.125 -54.689
 7.15 -54.653
 7.175 -54.6155
 7.2 -54.5762
 7.225 -54.535
 7.25 -54.4915
 7.275 -54.4455
 7.3 -54.3964
 7.325 -54.3436
 7.35 -54.2864
 7.375 -54.2236
 7.4 -54.1536
 7.425 -54.0739
 7.45 -53.9804
 7.475 -53.8659
 7.5 -53.7175
 7.525 -53.5149
 7.55 -53.238
 7.575 -52.8788
 7.6 -52.4461
 7.625 -51.9602
 7.65 -51.4456
 7.675 -50.9244
 7.7 -50.4134
 7.725 -49.9236
 7.75 -49.4611
 7.775 -49.0285
 7.8 -48.626
 7.825 -48.2527
 7.85 -47.9073
 7.875 -47.5881
 7.9 -47.2934
 7.925 -47.0219
 7.95 -46.7721
 7.975 -46.5429
 8 -46.3333
 8.025 -46.1425
 8.05 -45.9697
 8.075 -45.8143
 8.1 -45.6757
 8.125 -45.5535
 8.15 -45.4474
 8.175 -45.357
 8.2 -45.2822
 8.225 -45.2229
 8.25 -45.1789
 8.275 -45.1502
 8.3 -45.1368
 8.325 -45.1385
 8.35 -45.1551
 8.375 -45.1864
 8.4 -45.2319
 8.425 -45.2909
 8.45 -45.3626
 8.475 -45.4459
 8.5 -45.5397
 8.525 -45.6429
 8.55 -45.7547
 8.575 -45.8739
 8.6 -45.9997
 8.625 -46.1314
 8.65 -46.268
 8.675 -46.4089
 8.7 -46.5534
 8.725 -46.7011
 8.75 -46.8515
 8.775 -47.0042
 8.8 -47.1587
 8.825 -47.3148
 8.85 -47.4722
 8.875 -47.6307
 8.9 -47.79
 8.925 -47.95
 8.95 -48.1104
 8.975 -48.2712
 9 -48.432
 9.025 -48.5928
 9.05 -48.7535
 9.075 -48.9139
 9.1 -49.0739
 9.125 -49.2334
 9.15 -49.3922
 9.175 -49.5503
 9.2 -49.7075
 9.225 -49.8637
 9.25 -50.0189
 9.275 -50.1729
 9.3 -50.3257
 9.325 -50.4772
 9.35 -50.6273
 9.375 -50.7759
 9.4 -50.9229
 9.425 -51.0683
 9.45 -51.2121
 9.475 -51.354
 9.5 -51.4942
 9.525 -51.6325
 9.55 -51.769
 9.575 -51.9034
 9.6 -52.0359
 9.625 -52.1664
 9.65 -52.2948
 9.675 -52.4211
 9.7 -52.5453
 9.725 -52.6674
 9.75 -52.7873
 9.775 -52.905
 9.8 -53.0205
 9.825 -53.1339
 9.85 -53.245
 9.875 -53.3539
 9.9 -53.4606
 9.925 -53.5651
 9.95 -53.6674
 9.975 -53.7675
 10 -53.8653
 10.025 -53.961
 10.05 -54.0545
 10.075 -54.1459
 10.1 -54.2351
 10.125 -54.3221
 10.15 -54.407
 10.175 -54.4899
 10.2 -54.5706
 10.225 -54.6493
 10.25 -54.7259
 10.275 -54.8005
 10.3 -54.8731
 10.325 -54.9438
 10.35 -55.0125
 10.375 -55.0794
 10.4 -55.1443
 10.425 -55.2074
 10.45 -55.2686
 10.475 -55.328
 10.5 -55.3856
 10.525 -55.4415
 10.55 -55.4957
 10.575 -55.5482
 10.6 -55.599
 10.625 -55.6481
 10.65 -55.6957
 10.675 -55.7416
 10.7 -55.7861
 10.725 -55.829
 10.75 -55.8704
 10.775 -55.9104
 10.8 -55.9489
 10.825 -55.9861
 10.85 -56.0218
 10.875 -56.0562
 10.9 -56.0893
 10.925 -56.1211
 10.95 -56.1516
 10.975 -56.1809
 11 -56.2089
 11.025 -56.2358
 11.05 -56.2614
 11.075 -56.2859
 11.1 -56.3093
 11.125 -56.3316
 11.15 -56.3528
 11.175 -56.373
 11.2 -56.3921
 11.225 -56.4102
 11.25 -56.4273
 11.275 -56.4435
 11.3 -56.4587
 11.325 -56.473
 11.35 -56.4864
 11.375 -56.4989
 11.4 -56.5105
 11.425 -56.5213
 11.45 -56.5312
 11.475 -56.5403
 11.5 -56.5487
 11.525 -56.5562
 11.55 -56.5631
 11.575 -56.5691
 11.6 -56.5744
 11.625 -56.579
 11.65 -56.583
 11.675 -56.5862
 11.7 -56.5887
 11.725 -56.5906
 11.75 -56.5919
 11.775 -56.5925
 11.8 -56.5925
 11.825 -56.5919
 11.85 -56.5907
 11.875 -56.5889
 11.9 -56.5865
 11.925 -56.5836
 11.95 -56.5801
 11.975 -56.5761
 12 -56.5715
 12.025 -56.5664
 12.05 -56.5608
 12.075 -56.5547
 12.1 -56.5481
 12.125 -56.541
 12.15 -56.5334
 12.175 -56.5254
 12.2 -56.5168
 12.225 -56.5078
 12.25 -56.4984
 12.275 -56.4884
 12.3 -56.4781
 12.325 -56.4673
 12.35 -56.456
 12.375 -56.4444
 12.4 -56.4323
 12.425 -56.4197
 12.45 -56.4068
 12.475 -56.3934
 12.5 -56.3796
 12.525 -56.3654
 12.55 -56.3508
 12.575 -56.3357
 12.6 -56.3203
 12.625 -56.3044
 12.65 -56.2881
 12.675 -56.2715
 12.7 -56.2544
 12.725 -56.2368
 12.75 -56.2189
 12.775 -56.2006
 12.8 -56.1818
 12.825 -56.1626
 12.85 -56.1429
 12.875 -56.1229
 12.9 -56.1024
 12.925 -56.0814
 12.95 -56.06
 12.975 -56.0381
 13 -56.0157
 13.025 -55.9928
 13.05 -55.9694
 13.075 -55.9455
 13.1 -55.9211
 13.125 -55.896
 13.15 -55.8704
 13.175 -55.8442
 13.2 -55.8174
 13.225 -55.7899
 13.25 -55.7617
 13.275 -55.7327
 13.3 -55.703
 13.325 -55.6724
 13.35 -55.641
 13.375 -55.6086
 13.4 -55.5752
 13.425 -55.5408
 13.45 -55.5051
 13.475 -55.4681
 13.5 -55.4296
 13.525 -55.3896
 13.55 -55.3478
 13.575 -55.3039
 13.6 -55.2577
 13.625 -55.2088
 13.65 -55.1567
 13.675 -55.1008
 13.7 -55.0402
 13.725 -54.9737
 13.75 -54.8995
 13.775 -54.8148
 13.8 -54.7149
 13.825 -54.5915
 13.85 -54.4292
 13.875 -54.2059
 13.9 -53.9027
 13.925 -53.5154
 13.95 -53.0567
 13.975 -52.549
 14 -52.0172
 14.025 -51.483
 14.05 -50.9621
 14.075 -50.4646
 14.1 -49.9957
 14.125 -49.5573
 14.15 -49.1495
 14.175 -48.7711
 14.2 -48.4205
 14.225 -48.0961
 14.25 -47.7962
 14.275 -47.5193
 14.3 -47.264
 14.325 -47.0292
 14.35 -46.8138
 14.375 -46.617
 14.4 -46.4381
 14.425 -46.2763
 14.45 -46.1311
 14.475 -46.0021
 14.5 -45.8889
 14.525 -45.7912
 14.55 -45.7087
 14.575 -45.6414
 14.6 -45.5891
 14.625 -45.5517
 14.65 -45.5292
 14.675 -45.5215
 14.7 -45.5285
 14.725 -45.5499
 14.75 -45.5853
 14.775 -45.6342
 14.8 -45.6958
 14.825 -45.7691
 14.85 -45.853
 14.875 -45.9464
 14.9 -46.0482
 14.925 -46.1575
 14.95 -46.2735
 14.975 -46.3952
 15 -46.5219
 15.025 -46.6529
 15.05 -46.7878
 15.075 -46.9258
 15.1 -47.0666
 15.125 -47.2098
 15.15 -47.3549
 15.175 -47.5017
 15.2 -47.6499
 15.225 -47.7992
 15.25 -47.9495
 15.275 -48.1005
 15.3 -48.2521
 15.325 -48.4042
 15.35 -48.5565
 15.375 -48.7089
 15.4 -48.8613
 15.425 -49.0136
 15.45 -49.1657
 15.475 -49.3174
 15.5 -49.4686
 15.525 -49.6192
 15.55 -49.7692
 15.575 -49.9184
 15.6 -50.0668
 15.625 -50.2142
 15.65 -50.3605
 15.675 -50.5058
 15.7 -50.6498
 15.725 -50.7926
 15.75 -50.934
 15.775 -51.074
 15.8 -51.2126
 15.825 -51.3496
 15.85 -51.4849
 15.875 -51.6187
 15.9 -51.7507
 15.925 -51.881
 15.95 -52.0094
 15.975 -52.1361
 16 -52.2609
 16.025 -52.3837
 16.05 -52.5046
 16.075 -52.6235
 16.1 -52.7405
 16.125 -52.8554
 16.15 -52.9682
 16.175 -53.0791
 16.2 -53.1878
 16.225 -53.2945
 16.25 -53.3991
 16.275 -53.5016
 16.3 -53.602
 16.325 -53.7002
 16.35 -53.7964
 16.375 -53.8905
 16.4 -53.9826
 16.425 -54.0725
 16.45 -54.1604
 16.475 -54.2462
 16.5 -54.3299
 16.525 -54.4117
 16.55 -54.4914
 16.575 -54.569
 16.6 -54.6447
 16.625 -54.7185
 16.65 -54.7902
 16.675 -54.8601
 16.7 -54.9281
 16.725 -54.9941
 16.75 -55.0584
 16.775 -55.1208
 16.8 -55.1814
 16.825 -55.2402
 16.85 -55.2972
 16.875 -55.3525
 16.9 -55.4061
 16.925 -55.458
 16.95 -55.5082
 16.975 -55.5568
 17 -55.6038
 17.025 -55.6492
 17.05 -55.6931
 17.075 -55.7354
 17.1 -55.7763
 17.125 -55.8157
 17.15 -55.8537
 17.175 -55.8902
 17.2 -55.9254
 17.225 -55.9592
 17.25 -55.9917
 17.275 -56.0229
 17.3 -56.0528
 17.325 -56.0814
 17.35 -56.1088
 17.375 -56.135
 17.4 -56.16
 17.425 -56.1839
 17.45 -56.2066
 17.475 -56.2281
 17.5 -56.2486
 17.525 -56.2681
 17.55 -56.2864
 17.575 -56.3038
 17.6 -56.3201
 17.625 -56.3355
 17.65 -56.3499
 17.675 -56.3633
 17.7 -56.3758
 17.725 -56.3875
 17.75 -56.3982
 17.775 -56.4081
 17.8 -56.4171
 17.825 -56.4253
 17.85 -56.4327
 17.875 -56.4393
 17.9 -56.4452
 17.925 -56.4502
 17.95 -56.4545
 17.975 -56.4581
 18 -56.461
 18.025 -56.4632
 18.05 -56.4647
 18.075 -56.4655
 18.1 -56.4657
 18.125 -56.4652
 18.15 -56.4641
 18.175 -56.4623
 18.2 -56.46
 18.225 -56.457
 18.25 -56.4535
 18.275 -56.4494
 18.3 -56.4447
 18.325 -56.4395
 18.35 -56.4337
 18.375 -56.4274
 18.4 -56.4206
 18.425 -56.4132
 18.45 -56.4054
 18.475 -56.397
 18.5 -56.3882
 18.525 -56.3788
 18.55 -56.369
 18.575 -56.3587
 18.6 -56.348
 18.625 -56.3368
 18.65 -56.3251
 18.675 -56.313
 18.7 -56.3004
 18.725 -56.2874
 18.75 -56.274
 18.775 -56.2601
 18.8 -56.2458
 18.825 -56.2311
 18.85 -56.2159
 18.875 -56.2004
 18.9 -56.1844
 18.925 -56.168
 18.95 -56.1511
 18.975 -56.1339
 19 -56.1163
 19.025 -56.0982
 19.05 -56.0797
 19.075 -56.0608
 19.1 -56.0415
 19.125 -56.0217
 19.15 -56.0016
 19.175 -55.981
 19.2 -55.9599
 19.225 -55.9384
 19.25 -55.9165
 19.275 -55.8941
 19.3 -55.8712
 19.325 -55.8479
 19.35 -55.824
 19.375 -55.7997
 19.4 -55.7748
 19.425 -55.7494
 19.45 -55.7235
 19.475 -55.697
 19.5 -55.6699
 19.525 -55.6422
 19.55 -55.6139
 19.575 -55.5849
 19.6 -55.5552
 19.625 -55.5248
 19.65 -55.4936
 19.675 -55.4615
 19.7 -55.4286
 19.725 -55.3948
 19.75 -55.36
 19.775 -55.324
 19.8 -55.2869
 19.825 -55.2485
 19.85 -55.2086
 19.875 -55.1672
 19.9 -55.1239
 19.925 -55.0787
 19.95 -55.0311
 19.975 -54.9808
 20 -54.9274
 20.025 -54.8702
 20.05 -54.8083
 20.075 -54.7406
 20.1 -54.6652
 20.125 -54.5795
 20.15 -54.4787
 20.175 -54.3548
 20.2 -54.1926
 20.225 -53.9699
 20.25 -53.6674
 20.275 -53.2804
 20.3 -52.8211
 20.325 -52.3118
 20.35 -51.7775
 20.375 -51.2398
 20.4 -50.7149
 20.425 -50.2128
 20.45 -49.7391
 20.475 -49.2957
 20.5 -48.8828
 20.525 -48.4993
 20.55 -48.1435
 20.575 -47.8139
 20.6 -47.5087
 20.625 -47.2265
 20.65 -46.9659
 20.675 -46.7257
 20.7 -46.5049
 20.725 -46.3027
 20.75 -46.1181
 20.775 -45.9507
 20.8 -45.7998
 20.825 -45.665
 20.85 -45.5458
 20.875 -45.4421
 20.9 -45.3535
 20.925 -45.2798
 20.95 -45.2211
 20.975 -45.1772
 21 -45.148
 21.025 -45.1334
 21.05 -45.1335
 21.075 -45.1479
 21.1 -45.1763
 21.125 -45.2182
 21.15 -45.2729
 21.175 -45.3395
 21.2 -45.417
 21.225 -45.5042
 21.25 -45.6003
 21.275 -45.7042
 21.3 -45.815
 21.325 -45.932
 21.35 -46.0544
 21.375 -46.1814
 21.4 -46.3125
 21.425 -46.4471
 21.45 -46.5846
 21.475 -46.7248
 21.5 -46.8671
 21.525 -47.0113
 21.55 -47.1571
 21.575 -47.3043
 21.6 -47.4526
 21.625 -47.6017
 21.65 -47.7517
 21.675 -47.9021
 21.7 -48.0531
 21.725 -48.2043
 21.75 -48.3556
 21.775 -48.507
 21.8 -48.6582
 21.825 -48.8092
 21.85 -48.9599
 21.875 -49.1101
 21.9 -49.2598
 21.925 -49.4089
 21.95 -49.5572
 21.975 -49.7046
 22 -49.8511
 22.025 -49.9966
 22.05 -50.141
 22.075 -50.2843
 22.1 -50.4262
 22.125 -50.5669
 22.15 -50.7061
 22.175 -50.8439
 22.2 -50.9801
 22.225 -51.1148
 22.25 -51.2478
 22.275 -51.3791
 22.3 -51.5087
 22.325 -51.6364
 22.35 -51.7624
 22.375 -51.8865
 22.4 -52.0087
 22.425 -52.1289
 22.45 -52.2472
 22.475 -52.3635
 22.5 -52.4778
 22.525 -52.59
 22.55 -52.7002
 22.575 -52.8083
 22.6 -52.9144
 22.625 -53.0184
 22.65 -53.1203
 22.675 -53.2201
 22.7 -53.3178
 22.725 -53.4134
 22.75 -53.5069
 22.775 -53.5984
 22.8 -53.6878
 22.825 -53.7751
 22.85 -53.8603
 22.875 -53.9435
 22.9 -54.0247
 22.925 -54.1039
 22.95 -54.1811
 22.975 -54.2563
 23 -54.3295
 23.025 -54.4008
 23.05 -54.4702
 23.075 -54.5377
 23.1 -54.6033
 23.125 -54.667
 23.15 -54.7289
 23.175 -54.7891
 23.2 -54.8474
 23.225 -54.904
 23.25 -54.9589
 23.275 -55.012
 23.3 -55.0635
 23.325 -55.1134
 23.35 -55.1616
 23.375 -55.2083
 23.4 -55.2533
 23.425 -55.2969
 23.45 -55.3389
 23.475 -55.3794
 23.5 -55.4184
 23.525 -55.456
 23.55 -55.4922
 23.575 -55.527
 23.6 -55.5605
 23.625 -55.5926
 23.65 -55.6235
 23.675 -55.653
 23.7 -55.6813
 23.725 -55.7083
 23.75 -55.7342
 23.775 -55.7589
 23.8 -55.7824
 23.825 -55.8048
 23.85 -55.8261
 23.875 -55.8463
 23.9 -55.8655
 23.925 -55.8836
 23.95 -55.9006
 23.975 -55.9167
 24 -55.9318
 24.025 -55.946
 24.05 -55.9592
 24.075 -55.9715
 24.1 -55.9829
 24.125 -55.9934
 24.15 -56.0031
 24.175 -56.0119
 24.2 -56.0199
 24.225 -56.027
 24.25 -56.0334
 24.275 -56.039
 24.3 -56.0439
 24.325 -56.0479
 24.35 -56.0513
 24.375 -56.0539
 24.4 -56.0558
 24.425 -56.0571
 24.45 -56.0576
 24.475 -56.0575
 24.5 -56.0568
 24.525 -56.0554
 24.55 -56.0534
 24.575 -56.0507
 24.6 -56.0475
 24.625 -56.0436
 24.65 -56.0392
 24.675 -56.0342
 24.7 -56.0287
 24.725 -56.0226
 24.75 -56.0159
 24.775 -56.0088
 24.8 -56.0011
 24.825 -55.9928
 24.85 -55.9841
 24.875 -55.9749
 24.9 -55.9651
 24.925 -55.9549
 24.95 -55.9442
 24.975 -55.933
 25 -55.9213
 25.025 -55.9092
 25.05 -55.8965
 25.075 -55.8835
 25.1 -55.8699
 25.125 -55.856
 25.15 -55.8415
 25.175 -55.8266
 25.2 -55.8113
 25.225 -55.7955
 25.25 -55.7793
 25.275 -55.7626
 25.3 -55.7455
 25.325 -55.728
 25.35 -55.71
 25.375 -55.6916
 25.4 -55.6727
 25.425 -55.6533
 25.45 -55.6336
 25.475 -55.6133
 25.5 -55.5926
 25.525 -55.5715
 25.55 -55.5499
 25.575 -55.5278
 25.6 -55.5052
 25.625 -55.4821
 25.65 -55.4585
 25.675 -55.4344
 25.7 -55.4098
 25.725 -55.3846
 25.75 -55.3588
 25.775 -55.3325
 25.8 -55.3056
 25.825 -55.2781
 25.85 -55.2499
 25.875 -55.221
 25.9 -55.1914
 25.925 -55.1611
 25.95 -55.1299
 25.975 -55.098
 26 -55.0651
 26.025 -55.0312
 26.05 -54.9964
 26.075 -54.9604
 26.1 -54.9231
 26.125 -54.8846
 26.15 -54.8445
 26.175 -54.8028
 26.2 -54.7592
 26.225 -54.7135
 26.25 -54.6654
 26.275 -54.6145
 26.3 -54.5603
 26.325 -54.502
 26.35 -54.4389
 26.375 -54.3696
 26.4 -54.2921
 26.425 -54.2034
 26.45 -54.0982
 26.475 -53.9671
 26.5 -53.7933
 26.525 -53.5541
 26.55 -53.2331
 26.575 -52.8296
 26.6 -52.3587
 26.625 -51.8439
 26.65 -51.3095
 26.675 -50.7758
 26.7 -50.2575
 26.725 -49.7634
 26.75 -49.2981
 26.775 -48.8631
 26.8 -48.458
 26.825 -48.0818
 26.85 -47.7328
 26.875 -47.4093
 26.9 -47.1097
 26.925 -46.8326
 26.95 -46.5766
 26.975 -46.3406
 27 -46.1237
 27.025 -45.925
 27.05 -45.7437
 27.075 -45.5792
 27.1 -45.431
 27.125 -45.2987
 27.15 -45.1819
 27.175 -45.0802
 27.2 -44.9936
 27.225 -44.9219
 27.25 -44.8648
 27.275 -44.8225
 27.3 -44.7947
 27.325 -44.7814
 27.35 -44.7826
 27.375 -44.7979
 27.4 -44.8269
 27.425 -44.8693
 27.45 -44.9242
 27.475 -44.9907
 27.5 -45.0679
 27.525 -45.1545
 27.55 -45.2496
 27.575 -45.3524
 27.6 -45.4619
 27.625 -45.5773
 27.65 -45.6979
 27.675 -45.8231
 27.7 -45.9523
 27.725 -46.0849
 27.75 -46.2205
 27.775 -46.3586
 27.8 -46.499
 27.825 -46.6412
 27.85 -46.785
 27.875 -46.9302
 27.9 -47.0766
 27.925 -47.224
 27.95 -47.3721
 27.975 -47.5209
 28 -47.6701
 28.025 -47.8197
 28.05 -47.9695
 28.075 -48.1194
 28.1 -48.2692
 28.125 -48.4189
 28.15 -48.5682
 28.175 -48.7173
 28.2 -48.8658
 28.225 -49.0137
 28.25 -49.161
 28.275 -49.3075
 28.3 -49.4531
 28.325 -49.5977
 28.35 -49.7413
 28.375 -49.8838
 28.4 -50.0251
 28.425 -50.1651
 28.45 -50.3038
 28.475 -50.441
 28.5 -50.5768
 28.525 -50.711
 28.55 -50.8437
 28.575 -50.9746
 28.6 -51.1039
 28.625 -51.2315
 28.65 -51.3572
 28.675 -51.4811
 28.7 -51.6032
 28.725 -51.7233
 28.75 -51.8415
 28.775 -51.9577
 28.8 -52.072
 28.825 -52.1843
 28.85 -52.2945
 28.875 -52.4027
 28.9 -52.5089
 28.925 -52.6129
 28.95 -52.715
 28.975 -52.8149
 29 -52.9128
 29.025 -53.0086
 29.05 -53.1023
 29.075 -53.194
 29.1 -53.2836
 29.125 -53.3712
 29.15 -53.4567
 29.175 -53.5401
 29.2 -53.6216
 29.225 -53.701
 29.25 -53.7785
 29.275 -53.854
 29.3 -53.9275
 29.325 -53.9991
 29.35 -54.0688
 29.375 -54.1366
 29.4 -54.2026
 29.425 -54.2667
 29.45 -54.3289
 29.475 -54.3894
 29.5 -54.448
 29.525 -54.505
 29.55 -54.5601
 29.575 -54.6136
 29.6 -54.6654
 29.625 -54.7156
 29.65 -54.7641
 29.675 -54.811
 29.7 -54.8564
 29.725 -54.9003
 29.75 -54.9426
 29.775 -54.9834
 29.8 -55.0228
 29.825 -55.0607
 29.85 -55.0973
 29.875 -55.1324
 29.9 -55.1662
 29.925 -55.1987
 29.95 -55.2298
 29.975 -55.2596
 30 -55.2882
 30.025 -55.3156
 30.05 -55.3417
 30.075 -55.3666
 30.1 -55.3904
 30.125 -55.413
 30.15 -55.4345
 30.175 -55.455
 30.2 -55.4743
 30.225 -55.4926
 30.25 -55.5099
 30.275 -55.5261
 30.3 -55.5414
 30.325 -55.5557
 30.35 -55.569
 30.375 -55.5815
 30.4 -55.593
 30.425 -55.6036
 30.45 -55.6134
 30.475 -55.6223
 30.5 -55.6303
 30.525 -55.6376
 30.55 -55.644
 30.575 -55.6497
 30.6 -55.6546
 30.625 -55.6587
 30.65 -55.6621
 30.675 -55.6648
 30.7 -55.6667
 30.725 -55.668
 30.75 -55.6685
 30.775 -55.6684
 30.8 -55.6677
 30.825 -55.6662
 30.85 -55.6642
 30.875 -55.6615
 30.9 -55.6582
 30.925 -55.6543
 30.95 -55.6499
 30.975 -55.6448
 31 -55.6392
 31.025 -55.6329
 31.05 -55.6262
 31.075 -55.6189
 31.1 -55.611
 31.125 -55.6026
 31.15 -55.5937
 31.175 -55.5843
 31.2 -55.5744
 31.225 -55.5639
 31.25 -55.553
 31.275 -55.5416
 31.3 -55.5296
 31.325 -55.5172
 31.35 -55.5044
 31.375 -55.491
 31.4 -55.4772
 31.425 -55.4628
 31.45 -55.4481
 31.475 -55.4328
 31.5 -55.4171
 31.525 -55.401
 31.55 -55.3843
 31.575 -55.3673
 31.6 -55.3497
 31.625 -55.3317
 31.65 -55.3132
 31.675 -55.2943
 31.7 -55.2749
 31.725 -55.255
 31.75 -55.2346
 31.775 -55.2138
 31.8 -55.1924
 31.825 -55.1706
 31.85 -55.1482
 31.875 -55.1254
 31.9 -55.102
 31.925 -55.0781
 31.95 -55.0536
 31.975 -55.0285
 32 -55.0029
 32.025 -54.9767
 32.05 -54.9498
 32.075 -54.9223
 32.1 -54.8941
 32.125 -54.8651
 32.15 -54.8354
 32.175 -54.8049
 32.2 -54.7736
 32.225 -54.7413
 32.25 -54.7081
 32.275 -54.6739
 32.3 -54.6386
 32.325 -54.602
 32.35 -54.5642
 32.375 -54.5249
 32.4 -54.484
 32.425 -54.4414
 32.45 -54.3967
 32.475 -54.3498
 32.5 -54.3002
 32.525 -54.2476
 32.55 -54.1913
 32.575 -54.1305
 32.6 -54.0642
 32.625 -53.9906
 32.65 -53.9074
 32.675 -53.8105
 32.7 -53.6926
 32.725 -53.5409
 32.75 -53.3346
 32.775 -53.0532
 32.8 -52.6884
 32.825 -52.2485
 32.85 -51.754
 32.875 -51.2294
 32.9 -50.6969
 32.925 -50.1738
 32.95 -49.6713
 32.975 -49.1956
 33 -48.7496
 33.025 -48.3335
 33.05 -47.9466
 33.075 -47.5874
 33.1 -47.2543
 33.125 -46.9455
 33.15 -46.6597
 33.175 -46.3954
 33.2 -46.1515
 33.225 -45.9268
 33.25 -45.7206
 33.275 -45.5319
 33.3 -45.3602
 33.325 -45.2049
 33.35 -45.0655
 33.375 -44.9417
 33.4 -44.8331
 33.425 -44.7395
 33.45 -44.6607
 33.475 -44.5965
 33.5 -44.5469
 33.525 -44.5118
 33.55 -44.4912
 33.575 -44.485
 33.6 -44.4929
 33.625 -44.5146
 33.65 -44.5497
 33.675 -44.5976
 33.7 -44.6574
 33.725 -44.7281
 33.75 -44.8086
 33.775 -44.8979
 33.8 -44.9949
 33.825 -45.0989
 33.85 -45.2089
 33.875 -45.3243
 33.9 -45.4444
 33.925 -45.5686
 33.95 -45.6964
 33.975 -45.8273
 34 -45.961
 34.025 -46.0971
 34.05 -46.2353
 34.075 -46.3752
 34.1 -46.5166
 34.125 -46.6593
 34.15 -46.8032
 34.175 -46.948
 34.2 -47.0936
 34.225 -47.2398
 34.25 -47.3865
 34.275 -47.5336
 34.3 -47.6809
 34.325 -47.8282
 34.35 -47.9756
 34.375 -48.1228
 34.4 -48.2698
 34.425 -48.4165
 34.45 -48.5626
 34.475 -48.7083
 34.5 -48.8533
 34.525 -48.9976
 34.55 -49.141
 34.575 -49.2835
 34.6 -49.4251
 34.625 -49.5655
 34.65 -49.7048
 34.675 -49.8429
 34.7 -49.9796
 34.725 -50.1151
 34.75 -50.249
 34.775 -50.3815
 34.8 -50.5124
 34.825 -50.6418
 34.85 -50.7694
 34.875 -50.8954
 34.9 -51.0196
 34.925 -51.142
 34.95 -51.2627
 34.975 -51.3814
 35 -51.4983
 35.025 -51.6132
 35.05 -51.7262
 35.075 -51.8373
 35.1 -51.9463
 35.125 -52.0534
 35.15 -52.1585
 35.175 -52.2615
 35.2 -52.3625
 35.225 -52.4615
 35.25 -52.5584
 35.275 -52.6533
 35.3 -52.7461
 35.325 -52.8369
 35.35 -52.9257
 35.375 -53.0125
 35.4 -53.0973
 35.425 -53.1801
 35.45 -53.2608
 35.475 -53.3396
 35.5 -53.4165
 35.525 -53.4913
 35.55 -53.5643
 35.575 -53.6353
 35.6 -53.7045
 35.625 -53.7717
 35.65 -53.8372
 35.675 -53.9008
 35.7 -53.9626
 35.725 -54.0226
 35.75 -54.0809
 35.775 -54.1375
 35.8 -54.1923
 35.825 -54.2454
 35.85 -54.2969
 35.875 -54.3468
 35.9 -54.395
 35.925 -54.4417
 35.95 -54.4867
 35.975 -54.5303
 36 -54.5723
 36.025 -54.6129
 36.05 -54.652
 36.075 -54.6897
 36.1 -54.726
 36.125 -54.7609
 36.15 -54.7945
 36.175 -54.8267
 36.2 -54.8577
 36.225 -54.8873
 36.25 -54.9158
 36.275 -54.943
 36.3 -54.969
 36.325 -54.9938
 36.35 -55.0174
 36.375 -55.04
 36.4 -55.0614
 36.425 -55.0817
 36.45 -55.101
 36.475 -55.1192
 36.5 -55.1364
 36.525 -55.1526
 36.55 -55.1678
 36.575 -55.182
 36.6 -55.1952
 36.625 -55.2076
 36.65 -55.219
 36.675 -55.2295
 36.7 -55.2392
 36.725 -55.248
 36.75 -55.2559
 36.775 -55.263
 36.8 -55.2694
 36.825 -55.2749
 36.85 -55.2797
 36.875 -55.2837
 36.9 -55.2869
 36.925 -55.2894
 36.95 -55.2912
 36.975 -55.2923
 37 -55.2927
 37.025 -55.2925
 37.05 -55.2915
 37.075 -55.29
 37.1 -55.2877
 37.125 -55.2849
 37.15 -55.2814
 37.175 -55.2773
 37.2 -55.2726
 37.225 -55.2673
 37.25 -55.2615
 37.275 -55.255
 37.3 -55.248
 37.325 -55.2405
 37.35 -55.2324
 37.375 -55.2237
 37.4 -55.2146
 37.425 -55.2049
 37.45 -55.1946
 37.475 -55.1839
 37.5 -55.1727
 37.525 -55.1609
 37.55 -55.1487
 37.575 -55.1359
 37.6 -55.1227
 37.625 -55.1089
 37.65 -55.0947
 37.675 -55.08
 37.7 -55.0648
 37.725 -55.0492
 37.75 -55.033
 37.775 -55.0164
 37.8 -54.9993
 37.825 -54.9817
 37.85 -54.9636
 37.875 -54.945
 37.9 -54.9259
 37.925 -54.9064
 37.95 -54.8863
 37.975 -54.8657
 38 -54.8446
 38.025 -54.823
 38.05 -54.8008
 38.075 -54.7781
 38.1 -54.7548
 38.125 -54.7309
 38.15 -54.7065
 38.175 -54.6815
 38.2 -54.6558
 38.225 -54.6295
 38.25 -54.6026
 38.275 -54.5749
 38.3 -54.5466
 38.325 -54.5174
 38.35 -54.4875
 38.375 -54.4568
 38.4 -54.4251
 38.425 -54.3925
 38.45 -54.359
 38.475 -54.3243
 38.5 -54.2885
 38.525 -54.2514
 38.55 -54.2129
 38.575 -54.1728
 38.6 -54.1311
 38.625 -54.0875
 38.65 -54.0417
 38.675 -53.9934
 38.7 -53.9422
 38.725 -53.8876
 38.75 -53.8288
 38.775 -53.765
 38.8 -53.6947
 38.825 -53.6158
 38.85 -53.5252
 38.875 -53.4171
 38.9 -53.2817
 38.925 -53.1015
 38.95 -52.8547
 38.975 -52.5269
 39 -52.1198
 39.025 -51.6493
 39.05 -51.1387
 39.075 -50.6116
 39.1 -50.0874
 39.125 -49.5794
 39.15 -49.096
 39.175 -48.6411
 39.2 -48.2159
 39.225 -47.8201
 39.25 -47.4524
 39.275 -47.1112
 39.3 -46.7948
 39.325 -46.5018
 39.35 -46.2306
 39.375 -45.98
 39.4 -45.749
 39.425 -45.5366
 39.45 -45.3419
 39.475 -45.1643
 39.5 -45.0032
 39.525 -44.8581
 39.55 -44.7286
 39.575 -44.6143
 39.6 -44.5149
 39.625 -44.4303
 39.65 -44.3604
 39.675 -44.3049
 39.7 -44.264
 39.725 -44.2374
 39.75 -44.2251
 39.775 -44.227
 39.8 -44.2427
 39.825 -44.2718
 39.85 -44.3138
 39.875 -44.3679
 39.9 -44.433
 39.925 -44.5083
 39.95 -44.5925
 39.975 -44.6848
 40 -44.7843
 40.025 -44.8901
 40.05 -45.0016
 40.075 -45.1181
 40.1 -45.2389
 40.125 -45.3635
 40.15 -45.4914
 40.175 -45.6222
 40.2 -45.7555
 40.225 -45.891
 40.25 -46.0285
 40.275 -46.1675
 40.3 -46.3081
 40.325 -46.4498
 40.35 -46.5925
 40.375 -46.7362
 40.4 -46.8805
 40.425 -47.0254
 40.45 -47.1708
 40.475 -47.3165
 40.5 -47.4624
 40.525 -47.6083
 40.55 -47.7542
 40.575 -47.8999
 40.6 -48.0454
 40.625 -48.1905
 40.65 -48.3351
 40.675 -48.4792
 40.7 -48.6225
 40.725 -48.7652
 40.75 -48.9069
 40.775 -49.0478
 40.8 -49.1877
 40.825 -49.3264
 40.85 -49.464
 40.875 -49.6004
 40.9 -49.7354
 40.925 -49.869
 40.95 -50.0013
 40.975 -50.132
 41 -50.2612
 41.025 -50.3887
 41.05 -50.5146
 41.075 -50.6388
 41.1 -50.7612
 41.125 -50.8819
 41.15 -51.0007
 41.175 -51.1177
 41.2 -51.2328
 41.225 -51.346
 41.25 -51.4572
 41.275 -51.5665
 41.3 -51.6738
 41.325 -51.7791
 41.35 -51.8824
 41.375 -51.9838
 41.4 -52.0831
 41.425 -52.1803
 41.45 -52.2756
 41.475 -52.3688
 41.5 -52.46
 41.525 -52.5492
 41.55 -52.6364
 41.575 -52.7215
 41.6 -52.8047
 41.625 -52.8859
 41.65 -52.9651
 41.675 -53.0423
 41.7 -53.1177
 41.725 -53.1911
 41.75 -53.2626
 41.775 -53.3322
 41.8 -53.3999
 41.825 -53.4658
 41.85 -53.5298
 41.875 -53.592
 41.9 -53.6525
 41.925 -53.7112
 41.95 -53.7681
 41.975 -53.8234
 42 -53.8769
 42.025 -53.9288
 42.05 -53.9791
 42.075 -54.0278
 42.1 -54.0749
 42.125 -54.1204
 42.15 -54.1644
 42.175 -54.2069
 42.2 -54.2478
 42.225 -54.2874
 42.25 -54.3254
 42.275 -54.3621
 42.3 -54.3974
 42.325 -54.4313
 42.35 -54.4639
 42.375 -54.4952
 42.4 -54.5252
 42.425 -54.5539
 42.45 -54.5814
 42.475 -54.6077
 42.5 -54.6328
 42.525 -54.6567
 42.55 -54.6795
 42.575 -54.7012
 42.6 -54.7218
 42.625 -54.7413
 42.65 -54.7597
 42.675 -54.7772
 42.7 -54.7936
 42.725 -54.809
 42.75 -54.8234
 42.775 -54.8369
 42.8 -54.8495
 42.825 -54.8611
 42.85 -54.8719
 42.875 -54.8817
 42.9 -54.8907
 42.925 -54.8989
 42.95 -54.9062
 42.975 -54.9127
 43 -54.9185
 43.025 -54.9234
 43.05 -54.9276
 43.075 -54.931
 43.1 -54.9337
 43.125 -54.9356
 43.15 -54.9369
 43.175 -54.9374
 43.2 -54.9372
 43.225 -54.9364
 43.25 -54.9349
 43.275 -54.9328
 43.3 -54.93
 43.325 -54.9266
 43.35 -54.9225
 43.375 -54.9179
 43.4 -54.9126
 43.425 -54.9068
 43.45 -54.9004
 43.475 -54.8934
 43.5 -54.8858
 43.525 -54.8776
 43.55 -54.8689
 43.575 -54.8597
 43.6 -54.8499
 43.625 -54.8396
 43.65 -54.8287
 43.675 -54.8173
 43.7 -54.8054
 43.725 -54.793
 43.75 -54.78
 43.775 -54.7666
 43.8 -54.7526
 43.825 -54.7381
 43.85 -54.7232
 43.875 -54.7077
 43.9 -54.6917
 43.925 -54.6752
 43.95 -54.6582
 43.975 -54.6407
 44 -54.6227
 44.025 -54.6042
 44.05 -54.5851
 44.075 -54.5656
 44.1 -54.5455
 44.125 -54.5249
 44.15 -54.5037
 44.175 -54.482
 44.2 -54.4598
 44.225 -54.4369
 44.25 -54.4135
 44.275 -54.3895
 44.3 -54.3649
 44.325 -54.3397
 44.35 -54.3138
 44.375 -54.2872
 44.4 -54.26
 44.425 -54.232
 44.45 -54.2032
 44.475 -54.1737
 44.5 -54.1433
 44.525 -54.112
 44.55 -54.0798
 44.575 -54.0465
 44.6 -54.0122
 44.625 -53.9767
 44.65 -53.9399
 44.675 -53.9017
 44.7 -53.8619
 44.725 -53.8205
 44.75 -53.777
 44.775 -53.7314
 44.8 -53.6833
 44.825 -53.6323
 44.85 -53.5779
 44.875 -53.5193
 44.9 -53.4556
 44.925 -53.3855
 44.95 -53.3069
 44.975 -53.2165
 45 -53.1091
 45.025 -52.9747
 45.05 -52.7964
 45.075 -52.5531
 45.1 -52.23
 45.125 -51.8284
 45.15 -51.3635
 45.175 -50.8582
 45.2 -50.3359
 45.225 -49.8159
 45.25 -49.3117
 45.275 -48.8316
 45.3 -48.3797
 45.325 -47.9572
 45.35 -47.5638
 45.375 -47.1983
 45.4 -46.8591
 45.425 -46.5446
 45.45 -46.2533
 45.475 -45.9836
 45.5 -45.7345
 45.525 -45.5047
 45.55 -45.2934
 45.575 -45.0998
 45.6 -44.9231
 45.625 -44.7627
 45.65 -44.6183
 45.675 -44.4893
 45.7 -44.3754
 45.725 -44.2765
 45.75 -44.1922
 45.775 -44.1225
 45.8 -44.0673
 45.825 -44.0265
 45.85 -44
 45.875 -43.9877
 45.9 -43.9895
 45.925 -44.005
 45.95 -44.0337
 45.975 -44.0752
 46 -44.1285
 46.025 -44.1927
 46.05 -44.2668
 46.075 -44.3497
 46.1 -44.4404
 46.125 -44.5382
 46.15 -44.6421
 46.175 -44.7516
 46.2 -44.8659
 46.225 -44.9844
 46.25 -45.1068
 46.275 -45.2324
 46.3 -45.3608
 46.325 -45.4918
 46.35 -45.6249
 46.375 -45.7599
 46.4 -45.8966
 46.425 -46.0348
 46.45 -46.1742
 46.475 -46.3147
 46.5 -46.456
 46.525 -46.5982
 46.55 -46.7409
 46.575 -46.8842
 46.6 -47.0278
 46.625 -47.1716
 46.65 -47.3156
 46.675 -47.4595
 46.7 -47.6034
 46.725 -47.747
 46.75 -47.8903
 46.775 -48.0332
 46.8 -48.1756
 46.825 -48.3173
 46.85 -48.4584
 46.875 -48.5987
 46.9 -48.7381
 46.925 -48.8765
 46.95 -49.0139
 46.975 -49.1502
 47 -49.2853
 47.025 -49.4191
 47.05 -49.5516
 47.075 -49.6827
 47.1 -49.8124
 47.125 -49.9405
 47.15 -50.0671
 47.175 -50.1921
 47.2 -50.3154
 47.225 -50.437
 47.25 -50.5568
 47.275 -50.6748
 47.3 -50.7911
 47.325 -50.9055
 47.35 -51.018
 47.375 -51.1286
 47.4 -51.2373
 47.425 -51.3441
 47.45 -51.4489
 47.475 -51.5517
 47.5 -51.6525
 47.525 -51.7514
 47.55 -51.8482
 47.575 -51.9431
 47.6 -52.0359
 47.625 -52.1268
 47.65 -52.2157
 47.675 -52.3025
 47.7 -52.3874
 47.725 -52.4703
 47.75 -52.5513
 47.775 -52.6303
 47.8 -52.7073
 47.825 -52.7824
 47.85 -52.8556
 47.875 -52.9269
 47.9 -52.9964
 47.925 -53.064
 47.95 -53.1298
 47.975 -53.1937
 48 -53.2559
 48.025 -53.3163
 48.05 -53.3749
 48.075 -53.4318
 48.1 -53.487
 48.125 -53.5405
 48.15 -53.5923
 48.175 -53.6425
 48.2 -53.6911
 48.225 -53.7382
 48.25 -53.7837
 48.275 -53.8276
 48.3 -53.8701
 48.325 -53.911
 48.35 -53.9506
 48.375 -53.9887
 48.4 -54.0254
 48.425 -54.0607
 48.45 -54.0947
 48.475 -54.1274
 48.5 -54.1587
 48.525 -54.1888
 48.55 -54.2176
 48.575 -54.2451
 48.6 -54.2715
 48.625 -54.2966
 48.65 -54.3206
 48.675 -54.3434
 48.7 -54.3651
 48.725 -54.3857
 48.75 -54.4053
 48.775 -54.4238
 48.8 -54.4412
 48.825 -54.4576
 48.85 -54.473
 48.875 -54.4875
 48.9 -54.501
 48.925 -54.5135
 48.95 -54.5252
 48.975 -54.5359
 49 -54.5458
 49.025 -54.5548
 49.05 -54.5629
 49.075 -54.5702
 49.1 -54.5767
 49.125 -54.5824
 49.15 -54.5873
 49.175 -54.5914
 49.2 -54.5947
 49.225 -54.5974
 49.25 -54.5993
 49.275 -54.6004
 49.3 -54.6009
 49.325 -54.6007
 49.35 -54.5998
 49.375 -54.5982
 49.4 -54.596
 49.425 -54.5931
 49.45 -54.5896
 49.475 -54.5855
 49.5 -54.5807
 49.525 -54.5753
 49.55 -54.5694
 49.575 -54.5628
 49.6 -54.5557
 49.625 -54.548
 49.65 -54.5397
 49.675 -54.5308
 49.7 -54.5214
 49.725 -54.5114
 49.75 -54.5009
 49.775 -54.4899
 49.8 -54.4783
 49.825 -54.4662
 49.85 -54.4535
 49.875 -54.4403
 49.9 -54.4266
 49.925 -54.4124
 49.95 -54.3977
 49.975 -54.3824
 50 -54.3666
